72358 DEPOSIT
72358 72304 DEPOSIT
72358 72369 DEPOSIT
72358 72369 75548 DEPOSIT
72358 72369 75548 75559 DEPOSIT
72358 72369 75548 72372 DEPOSIT
72358 72304 72317 DEPOSIT
72358 72304 72317 72305 DEPOSIT
72358 72369 75548 75559 75567 WITHDRAW
72358 72304 72317 DEPOSIT
72358 72369 72363 WITHDRAW
72358 72304 72317 72325 DEPOSIT
72358 72369 75548 72372 CLOSE
72358 72304 72317 72305 72306 DEPOSIT
72358 72369 75548 75559 DEPOSIT
72358 72304 72317 72305 72306 DEPOSIT
72358 72304 72317 DEPOSIT
72358 72369 75548 75526 WITHDRAW
72358 72369 72363 72361 WITHDRAW
72358 72304 72302 DEPOSIT
72358 72369 75548 DEPOSIT
72358 72304 72317 72325 72321 WITHDRAW
72358 72369 75548 75526 75510 DEPOSIT
72358 72369 75548 75526 75537 WITHDRAW
72358 72369 75548 75559 75567 75569 WITHDRAW
72358 72369 75548 75559 75567 75569 DEPOSIT
72358 72369 75548 75526 75510 75501 DEPOSIT
72358 72304 72302 DEPOSIT
72358 72304 72317 72325 72356 DEPOSIT
72358 72369 75548 75559 75567 75569 DEPOSIT
72358 72304 72317 72325 DEPOSIT
72358 72369 75548 75559 75567 75569 WITHDRAW
72358 72304 72317 72325 72356 72330 DEPOSIT
72358 72304 72317 72325 DEPOSIT
72358 72304 72317 72305 72306 DEPOSIT
72358 72369 75548 75526 75537 75527 DEPOSIT
72358 72369 75548 75559 75567 75560 DEPOSIT
72358 72369 75548 75526 75510 DEPOSIT
72358 72304 72302 WITHDRAW
72358 72304 72317 72325 72356 72330 WITHDRAW
72358 72369 75548 DEPOSIT
72358 72304 72317 72325 72356 72330 DEPOSIT
72358 72369 75548 75526 75510 75501 CLOSE
72358 72369 75548 75559 75567 75569 DEPOSIT
72358 72369 72363 CLOSE
72358 72304 72302 DEPOSIT
72358 72369 75548 75526 75510 DEPOSIT
72358 72304 72317 72325 72356 72330 72352 DEPOSIT
72358 72369 75548 75526 75510 75501 72372 DEPOSIT
72358 72369 72361 72368 DEPOSIT
72358 DEPOSIT
72358 72369 75548 75526 75537 75538 DEPOSIT
72358 72369 72361 72368 72363 DEPOSIT
72358 72304 72302 72301 DEPOSIT
72358 72304 72317 72325 72356 72330 72352 72349 DEPOSIT
72358 72304 72317 72325 72356 72330 72352 72349 WITHDRAW
72358 72369 75548 75559 75567 75560 75565 DEPOSIT
72358 72369 75548 75526 75537 75527 75528 DEPOSIT
72358 72369 75548 75559 75567 75569 WITHDRAW
72358 72369 75548 75559 75567 WITHDRAW
72358 72304 72317 DEPOSIT
72358 72369 75548 75526 75510 75501 72372 DEPOSIT
72358 72369 75548 75526 75537 WITHDRAW
72358 72304 72302 DEPOSIT
72358 72369 75548 75526 75537 75527 75528 DEPOSIT
72358 72304 72317 72325 72356 DEPOSIT
72358 72304 72317 72325 72356 72330 72352 72355 DEPOSIT
72358 72369 75548 75526 75510 DEPOSIT
72358 DEPOSIT
72358 72369 75548 75526 75510 75522 DEPOSIT
72358 72304 72317 72305 72306 DEPOSIT
72358 72369 75548 75559 75567 75560 75565 75563 DEPOSIT
72358 72369 75548 75559 75567 DEPOSIT
72358 72304 72317 72325 72356 72330 72352 72349 72343 DEPOSIT
72358 72369 75548 75526 75510 75522 DEPOSIT
72358 72369 72361 72368 72363 CLOSE
72358 72304 72317 72325 72356 72330 72352 72355 DEPOSIT
72358 72369 75548 75526 75510 75522 75523 DEPOSIT
72358 72304 72317 72325 72321 DEPOSIT
72358 72369 75548 75526 75537 75527 75528 75529 DEPOSIT
72358 72369 75548 75526 75537 75538 DEPOSIT
72358 72304 DEPOSIT
72358 72304 72317 72325 72356 72330 72352 WITHDRAW
72358 72369 75548 75526 75537 CLOSE
72358 72304 72317 72325 72356 72330 72352 WITHDRAW
72358 72304 72317 72325 72356 72330 72352 72349 72343 DEPOSIT
72358 72369 75548 75526 75538 75527 75528 DEPOSIT
72358 72369 72361 72368 72363 72366 DEPOSIT
72358 72369 75548 75526 75510 75522 75518 DEPOSIT
72358 72369 72361 72368 72363 DEPOSIT
72358 72369 75548 75526 75538 75527 75528 75529 75537 DEPOSIT
72358 72304 72317 72325 72356 WITHDRAW
72358 72304 72317 72305 72306 DEPOSIT
72358 72369 75548 75526 75538 75527 DEPOSIT
72358 72369 75548 75526 75510 75501 72372 DEPOSIT
72358 72369 75548 75526 75510 75522 75523 DEPOSIT
72358 72304 72317 72325 72356 72330 DEPOSIT
72358 72369 75548 75526 DEPOSIT
72358 72369 75548 75559 75567 75560 DEPOSIT
72358 72369 75548 75559 75567 75560 75565 DEPOSIT
72358 72304 72317 72325 72356 72330 DEPOSIT
72358 72369 75548 75526 DEPOSIT
72358 72304 72302 72301 DEPOSIT
72358 72369 75548 75526 75510 DEPOSIT
72358 72369 75548 75526 75510 75522 75518 DEPOSIT
72358 72369 75548 75559 75567 75560 DEPOSIT
72358 72369 75548 75559 75567 75569 DEPOSIT
72358 72369 75548 75526 75538 75542 DEPOSIT
72358 72369 75548 WITHDRAW
72358 72369 75548 75526 75510 75522 75518 75516 DEPOSIT
72358 72369 75548 75526 75538 DEPOSIT
72358 72304 72317 72325 72321 WITHDRAW
72358 72369 75548 75526 75510 75522 DEPOSIT
72358 72304 72302 72301 DEPOSIT
72358 72369 72361 72368 DEPOSIT
72358 72304 72317 WITHDRAW
72358 72304 72317 72325 72356 72330 72352 72349 72343 72342 DEPOSIT
72358 72304 72317 DEPOSIT
72358 72369 72361 DEPOSIT
72358 72369 75548 75526 75538 75542 DEPOSIT
72358 72369 75548 75526 75510 75501 72372 DEPOSIT
72358 72369 75548 75559 75567 WITHDRAW
72358 72369 75548 75526 75510 75501 DEPOSIT
72358 72369 72361 72368 CLOSE
72358 72369 72361 DEPOSIT
72358 72304 72317 DEPOSIT
72358 72369 75548 75559 75567 75560 75565 DEPOSIT
72358 72304 72317 72305 WITHDRAW
72358 72369 75548 75526 75510 75522 75518 DEPOSIT
72358 72369 75548 75559 75567 75560 75565 DEPOSIT
72358 72304 72317 72325 72356 DEPOSIT
72358 72369 72361 DEPOSIT
72358 72369 75548 75526 75510 75522 75523 DEPOSIT
72358 72304 72317 72305 72306 DEPOSIT
72358 72369 75548 75559 75567 75560 DEPOSIT
72358 72369 75548 75526 DEPOSIT
72358 72369 75548 75559 CLOSE
72358 72304 72317 72305 DEPOSIT
72358 72369 75548 75567 75560 DEPOSIT
72358 72369 75548 75526 DEPOSIT
72358 72369 75548 75526 75510 75522 DEPOSIT
72358 72369 75548 75526 75510 DEPOSIT
72358 72369 72361 72363 72366 72368 WITHDRAW
72358 72304 72302 DEPOSIT
72358 72369 75548 75526 75510 75522 75518 75516 WITHDRAW
72358 72304 72302 72301 DEPOSIT
RESULT
72301 250.65
72302 80.87
72304 114.51
72305 3.99
72306 298.02
72317 386.2
72321 -128.09
72325 103.4
72330 217.35
72342 6.93
72343 155.82
72349 16.18
72352 -77.11
72355 36.26
72356 133.88
72358 122.86
72361 132.06
72363 105.85
72366 18.55
72368 -96.31
72369 3.98
72372 221.79
75501 185.56
75510 344.41
75516 -51.95
75518 161.28
75522 269.61
75523 199.16
75526 137.83
75527 40.12
75528 154.13
75529 32.22
75537 22.47
75538 113.2
75542 170.77
75548 65.07
75560 172.66
75563 88.61
75565 260.77
75567 -78.51
75569 34.62