856750 DEPOSIT
856750 856775 DEPOSIT
856750 856725 DEPOSIT
856750 856775 856760 DEPOSIT
856750 856775 856800 DEPOSIT
856750 856775 WITHDRAW
856750 856775 856760 856755 WITHDRAW
856750 856725 856740 DEPOSIT
856750 DEPOSIT
856750 856725 WITHDRAW
856750 856775 856800 856790 DEPOSIT
856750 856775 856760 856770 WITHDRAW
856750 856725 856740 856730 DEPOSIT
856750 856725 856710 DEPOSIT
856750 856775 856800 856790 CLOSE
856750 856775 856800 856795 DEPOSIT
856750 856775 856800 856795 856799 DEPOSIT
856750 856725 856740 CLOSE
856750 856725 856730 856745 DEPOSIT
856750 856725 856730 856726 DEPOSIT
856750 856775 856800 CLOSE
856750 856775 856795 856799 856796 WITHDRAW
856750 856775 856795 856785 DEPOSIT
856750 856725 CLOSE
856750 856726 856730 856745 856740 DEPOSIT
856750 856726 856730 856728 DEPOSIT
856750 856775 CLOSE
856750 856785 856795 856790 DEPOSIT
856750 856785 856795 856790 856794 DEPOSIT
856750 856785 CLOSE
856750 856790 856795 856794 856793 DEPOSIT
856750 CLOSE
856755 856790 856760 856770 856765 WITHDRAW
856755 CLOSE
856760 856790 856770 856776 DEPOSIT
856760 856726 856730 856745 856756 WITHDRAW
RESULT
856710 30.26
856726 100.1
856728 90.63
856730 10.91
856740 20.1
856745 200.33
856756 -60.9
856760 150.15
856765 -140.89
856770 -70.49
856776 40.72
856790 90.72
856793 10.25
856794 94.1
856795 100.22
856796 -20.56
856799 10.63
